1 FBM1_001 (0) 1 : 0.6206 0.0537 0.3257
2 FBM1_002 (4) 1 : 0.5740 0.0564 0.3696
3 FBM1_003 (2) 1 : 0.5385 0.0787 0.3828
4 FBM1_004 (8) 1 : 0.5761 0.0623 0.3616
5 FBM1_005 (4) 1 : 0.5831 0.0532 0.3637
6 FBM1_006 (3) 1 : 0.6164 0.0467 0.3369
7 FBM1_007 (1) 1 : 0.5753 0.0461 0.3786
8 FBM1_008 (0) 1 : 0.6018 0.0505 0.3477
9 FBM1_009 (1) 1 : 0.6071 0.0467 0.3462
10 FBM1_010 (3) 1 : 0.5762 0.0658 0.3580
11 FBM1_011 (2) 1 : 0.5738 0.0604 0.3658
12 FBM1_012 (12) 1 : 0.5818 0.0806 0.3376
13 FBM1_013 (12) 1 : 0.6052 0.0521 0.3427
14 FBM1_014 (0) 1 : 0.6245 0.0493 0.3262
15 FBM1_015 (0) 1 : 0.6167 0.0472 0.3361
16 FBM1_016 (0) 1 : 0.6446 0.0463 0.3091
17 FBM1_017 (2) 1 : 0.6417 0.0548 0.3035
18 FBM1_018 (3) 1 : 0.5783 0.0444 0.3773
19 FBM1_019 (0) 1 : 0.6441 0.0474 0.3085
20 FBM1_020 (10) 1 : 0.6073 0.0541 0.3386
21 FBM1_021 (24) 1 : 0.6279 0.0536 0.3185
22 FBM1_022 (1) 1 : 0.6201 0.0435 0.3364
23 FBM1_023 (0) 1 : 0.6308 0.0481 0.3211
24 FBM1_024 (0) 1 : 0.6295 0.0469 0.3236
25 FBM1_025 (1) 1 : 0.6439 0.0500 0.3061
26 FBM1_026 (2) 1 : 0.5759 0.0539 0.3702
27 FBM1_027 (2) 1 : 0.6404 0.0438 0.3158
28 FBM1_028 (6) 1 : 0.5231 0.0574 0.4195
29 FBM1_029 (7) 1 : 0.5754 0.0546 0.3700
30 FBM1_030 (2) 1 : 0.6065 0.0529 0.3406
31 FBM1_031 (0) 1 : 0.6133 0.0503 0.3364
32 FBM1_032 (0) 1 : 0.6252 0.0493 0.3255
33 FBM1_033 (2) 1 : 0.5748 0.0575 0.3677
34 FBM1_034 (3) 1 : 0.5605 0.0513 0.3882
35 FBM1_035 (5) 1 : 0.5486 0.0546 0.3968
36 FBM1_036 (6) 1 : 0.5668 0.0551 0.3781
37 FBM1_037 (25) 1 : 0.5710 0.0565 0.3725
38 FBM1_038 (1) 1 : 0.6304 0.0437 0.3259
39 FBM1_039 (0) 1 : 0.5614 0.0522 0.3864
40 FBM1_040 (0) 1 : 0.6219 0.0581 0.3200
41 FBM1_041 (1) 1 : 0.6095 0.0534 0.3371
42 FBM1_042 (3) 1 : 0.6173 0.0468 0.3359
43 FBM1_043 (0) 1 : 0.6191 0.0564 0.3245
44 FBM1_044 (9) 1 : 0.5871 0.0511 0.3618
45 FBM1_045 (26) 1 : 0.5695 0.0632 0.3673
46 FBM1_046 (1) 1 : 0.6663 0.0477 0.2860
47 FBM1_047 (1) 1 : 0.5840 0.0462 0.3698
48 FBM1_048 (3) 1 : 0.6038 0.0476 0.3486
49 FBM1_049 (0) 1 : 0.6157 0.0451 0.3392
50 FBM1_050 (4) 1 : 0.6104 0.0496 0.3400
51 FBM1_051 (5) 1 : 0.5112 0.0565 0.4323
52 FBM1_052 (9) 1 : 0.6037 0.0552 0.3411
53 FBM1_053 (16) 1 : 0.5793 0.0541 0.3666
54 FBM1_054 (5) 1 : 0.6065 0.0571 0.3364
55 FBM1_055 (2) 1 : 0.6308 0.0429 0.3263
56 FBM1_056 (0) 1 : 0.5783 0.0568 0.3649
57 FBM1_057 (6) 1 : 0.5818 0.0441 0.3741
58 FBM1_058 (4) 1 : 0.5738 0.0733 0.3529
59 FBM1_059 (3) 1 : 0.5958 0.0557 0.3485
60 FBM1_060 (24) 1 : 0.6007 0.0565 0.3428
61 FBM1_061 (7) 1 : 0.6020 0.0466 0.3514
62 FBM1_062 (0) 1 : 0.6184 0.0534 0.3282
63 FBM1_063 (0) 1 : 0.6142 0.0522 0.3336
64 FBM1_064 (0) 1 : 0.5894 0.0466 0.3640
65 FBM1_065 (0) 1 : 0.6141 0.0476 0.3383
66 FBM1_066 (0) 1 : 0.5453 0.0524 0.4023
67 FBM1_067 (2) 1 : 0.5372 0.0678 0.3950
68 FBM1_068 (26) 1 : 0.6194 0.0541 0.3265
69 FBM1_069 (3) 1 : 0.5715 0.0728 0.3557
70 FBM1_070 (1) 1 : 0.5554 0.0582 0.3864
71 FBM1_071 (0) 1 : 0.5529 0.0442 0.4029
72 FBM1_072 (0) 1 : 0.5627 0.0705 0.3668
73 FBM1_073 (0) 1 : 0.6317 0.0537 0.3146
74 FBM1_074 (1) 1 : 0.5754 0.0554 0.3692
75 FBM1_075 (0) 1 : 0.6091 0.0479 0.3430
76 FBM1_076 (23) 1 : 0.5959 0.0477 0.3564
77 FBM1_077 (2) 1 : 0.6247 0.0448 0.3305
78 FBM1_078 (0) 1 : 0.5995 0.0500 0.3505
79 FBM1_079 (0) 1 : 0.5746 0.0750 0.3504
80 FBM1_080 (0) 1 : 0.6654 0.0428 0.2918
81 FBM1_081 (0) 1 : 0.5682 0.0534 0.3784
82 FBM1_082 (0) 1 : 0.6006 0.0510 0.3484
83 FBM1_083 (0) 1 : 0.6674 0.0450 0.2876
84 FBM1_084 (21) 1 : 0.5966 0.0630 0.3404
85 FBM1_085 (0) 1 : 0.6342 0.0591 0.3067
86 FBM1_086 (1) 1 : 0.5731 0.0564 0.3705
87 FBM1_087 (0) 1 : 0.6173 0.0492 0.3335
88 FBM1_088 (0) 1 : 0.5920 0.0484 0.3596
89 FBM1_089 (3) 1 : 0.6267 0.0476 0.3257
90 FBM1_090 (0) 1 : 0.5421 0.0659 0.3920
91 FBM1_091 (6) 1 : 0.5979 0.0478 0.3543
92 FBM1_092 (4) 1 : 0.6078 0.0414 0.3508
93 FBM1_093 (0) 1 : 0.6035 0.0508 0.3457
94 FBM1_094 (0) 1 : 0.5625 0.0697 0.3678
95 FBM1_095 (1) 1 : 0.6096 0.0493 0.3411
96 FBM2_001 (0) 2 : 0.5785 0.0631 0.3584
97 FBM2_002 (0) 2 : 0.6729 0.0730 0.2541
98 FBM2_003 (0) 2 : 0.6161 0.0754 0.3085
99 FBM2_004 (0) 2 : 0.6074 0.0659 0.3267
100 FBM2_005 (2) 2 : 0.6009 0.0799 0.3192
101 FBM2_006 (0) 2 : 0.6499 0.0737 0.2764
102 FBM2_007 (0) 2 : 0.6079 0.1083 0.2838
103 FBM2_008 (1) 2 : 0.6635 0.0702 0.2663
104 FBM2_009 (3) 2 : 0.6322 0.0663 0.3015
105 FBM2_010 (0) 2 : 0.5985 0.0813 0.3202
106 FBM2_011 (0) 2 : 0.6352 0.0826 0.2822
107 FBM2_012 (3) 2 : 0.5886 0.0740 0.3374
108 FBM2_013 (1) 2 : 0.6134 0.0914 0.2952
109 FBM2_014 (0) 2 : 0.5897 0.0674 0.3429
110 FBM2_015 (0) 2 : 0.6138 0.0772 0.3090
111 FBM2_016 (2) 2 : 0.6076 0.0699 0.3225
112 FBM2_017 (1) 2 : 0.6360 0.0774 0.2866
113 FBM2_018 (1) 2 : 0.6520 0.0808 0.2672
114 FBM2_019 (0) 2 : 0.5346 0.1105 0.3549
115 FBM2_020 (0) 2 : 0.6103 0.0711 0.3186
116 FBM2_021 (0) 2 : 0.6129 0.0721 0.3150
117 FBM2_022 (0) 2 : 0.5661 0.0729 0.3609
118 FBM2_023 (0) 2 : 0.6470 0.0822 0.2708
119 FBM2_024 (9) 2 : 0.5687 0.0655 0.3658
120 FBM2_025 (0) 2 : 0.6196 0.0685 0.3119
121 FBM2_026 (0) 2 : 0.6088 0.0791 0.3121
122 FBM2_027 (0) 2 : 0.6182 0.0667 0.3151
123 FBM2_028 (1) 2 : 0.6263 0.0696 0.3041
124 FBM2_029 (0) 2 : 0.5784 0.0817 0.3399
125 FBM2_030 (1) 2 : 0.6150 0.0649 0.3201
126 FBM2_031 (2) 2 : 0.6697 0.0642 0.2661
127 FBM2_032 (0) 2 : 0.6239 0.0721 0.3040
128 FBM2_033 (0) 2 : 0.5719 0.0764 0.3517
129 FBM2_034 (0) 2 : 0.6268 0.0739 0.2993
130 FBM2_035 (0) 2 : 0.5916 0.0737 0.3347
131 FBM2_036 (0) 2 : 0.6226 0.0719 0.3055
132 FBM2_037 (0) 2 : 0.5813 0.0936 0.3251
133 FBM2_038 (0) 2 : 0.6265 0.0658 0.3077
134 FBM2_039 (0) 2 : 0.6230 0.0696 0.3074
135 FBM2_040 (0) 2 : 0.6026 0.0859 0.3115
136 FBM2_041 (0) 2 : 0.6175 0.0875 0.2950
137 FBM2_042 (0) 2 : 0.6042 0.0671 0.3287
138 FBM2_043 (0) 2 : 0.6052 0.0724 0.3224
139 FBM2_044 (0) 2 : 0.6441 0.0588 0.2971
140 FBM2_045 (0) 2 : 0.6259 0.0687 0.3054
141 FBM2_046 (0) 2 : 0.5929 0.0761 0.3309
142 FBM2_047 (0) 2 : 0.5495 0.0713 0.3792
143 FBM2_048 (0) 2 : 0.6169 0.0712 0.3119
144 FBM2_049 (0) 2 : 0.6131 0.0700 0.3169
145 FBM2_050 (0) 2 : 0.5985 0.0717 0.3298
146 FBM2_051 (1) 2 : 0.6258 0.0587 0.3155
147 FBM2_052 (0) 2 : 0.5957 0.0948 0.3095
148 FBM2_053 (3) 2 : 0.6237 0.0683 0.3080
149 FBM2_054 (0) 2 : 0.6110 0.0828 0.3062
150 FBM2_055 (0) 2 : 0.6169 0.0802 0.3029
151 FBM2_056 (0) 2 : 0.6322 0.0633 0.3045
152 FBM2_057 (0) 2 : 0.5988 0.0817 0.3195
153 FBM2_058 (0) 2 : 0.6454 0.0653 0.2893
154 FBM2_059 (3) 2 : 0.6052 0.0641 0.3307
155 FBM2_060 (0) 2 : 0.5568 0.0937 0.3495
156 FBM2_061 (0) 2 : 0.6232 0.0757 0.3011
157 FBM2_062 (1) 2 : 0.5608 0.0860 0.3532
158 FBM2_063 (0) 2 : 0.6444 0.0570 0.2986
159 FBM2_064 (0) 2 : 0.6426 0.0735 0.2839
160 FBM2_065 (2) 2 : 0.6280 0.0716 0.3004
161 FBM2_066 (0) 2 : 0.6515 0.0763 0.2722
162 FBM2_067 (0) 2 : 0.6426 0.0626 0.2948
163 FBM2_068 (0) 2 : 0.6071 0.0748 0.3181
164 FBM2_069 (0) 2 : 0.5874 0.0812 0.3314
165 FBM2_070 (0) 2 : 0.6564 0.0693 0.2743
166 FBM2_071 (99) 2 : 0.6150 0.0750 0.3100
167 FBM2_072 (0) 2 : 0.6616 0.0747 0.2637
168 FBM2_073 (0) 2 : 0.6332 0.0657 0.3011
169 FBM2_074 (0) 2 : 0.6050 0.0857 0.3093
170 FBM2_075 (0) 2 : 0.5913 0.0905 0.3182
171 FBM2_076 (2) 2 : 0.6006 0.0821 0.3173
172 FBM2_077 (1) 2 : 0.6411 0.0647 0.2942
173 FBM2_078 (0) 2 : 0.6331 0.0780 0.2889
174 FBM2_079 (1) 2 : 0.5606 0.0862 0.3532
175 FBM2_080 (0) 2 : 0.6088 0.0613 0.3299
176 FBM2_081 (3) 2 : 0.6064 0.1011 0.2925
177 FBM2_082 (3) 2 : 0.6180 0.0628 0.3192
178 FBM2_083 (0) 2 : 0.6071 0.0869 0.3060
179 FBM2_084 (0) 2 : 0.6462 0.0668 0.2870
180 FBM2_085 (0) 2 : 0.6453 0.0649 0.2898
181 FBM2_086 (0) 2 : 0.6216 0.0660 0.3124
182 FBM2_087 (0) 2 : 0.6318 0.0701 0.2981
183 FBM2_088 (0) 2 : 0.6606 0.0762 0.2632
184 FBM2_089 (0) 2 : 0.6133 0.0747 0.3120
185 FBM2_090 (0) 2 : 0.6108 0.0699 0.3193
186 FBM2_091 (0) 2 : 0.6122 0.0797 0.3081
187 FBM2_092 (0) 2 : 0.5941 0.0777 0.3282
188 FBM2_093 (0) 2 : 0.5999 0.0829 0.3172
189 FBM2_094 (0) 2 : 0.6306 0.0660 0.3034
190 FBM2_095 (0) 2 : 0.6566 0.0636 0.2798
191 FBM3_001 (0) 3 : 0.6227 0.0708 0.3065
192 FBM3_002 (0) 3 : 0.5765 0.0706 0.3529
193 FBM3_003 (7) 3 : 0.6226 0.0770 0.3004
194 FBM3_004 (49) 3 : 0.6312 0.0857 0.2831
195 FBM3_005 (0) 3 : 0.6718 0.0692 0.2590
196 FBM3_006 (0) 3 : 0.6201 0.0717 0.3082
197 FBM3_007 (2) 3 : 0.6164 0.0825 0.3011
198 FBM3_008 (1) 3 : 0.5732 0.0671 0.3597
199 FBM3_009 (0) 3 : 0.6405 0.0643 0.2952
200 FBM3_010 (0) 3 : 0.5753 0.0689 0.3558
201 FBM3_011 (0) 3 : 0.6590 0.0563 0.2847
202 FBM3_012 (45) 3 : 0.6361 0.0805 0.2834
203 FBM3_013 (41) 3 : 0.6415 0.0784 0.2801
204 FBM3_014 (3) 3 : 0.6365 0.0679 0.2956
205 FBM3_015 (0) 3 : 0.6386 0.0629 0.2985
206 FBM3_016 (0) 3 : 0.5956 0.0758 0.3286
207 FBM3_017 (1) 3 : 0.6562 0.0688 0.2750
208 FBM3_018 (0) 3 : 0.6104 0.0784 0.3112
209 FBM3_019 (0) 3 : 0.6509 0.0933 0.2558
210 FBM3_020 (1) 3 : 0.5991 0.0739 0.3270
211 FBM3_021 (0) 3 : 0.6142 0.0753 0.3105
212 FBM3_022 (1) 3 : 0.6072 0.0709 0.3219
213 FBM3_023 (0) 3 : 0.6058 0.0518 0.3424
214 FBM3_024 (0) 3 : 0.6313 0.0582 0.3105
215 FBM3_025 (0) 3 : 0.6677 0.0716 0.2607
216 FBM3_026 (0) 3 : 0.6193 0.0689 0.3118
217 FBM3_027 (0) 3 : 0.6074 0.0694 0.3232
218 FBM3_028 (2) 3 : 0.6146 0.0693 0.3161
219 FBM3_029 (0) 3 : 0.6368 0.0709 0.2923
220 FBM3_030 (7) 3 : 0.5756 0.0712 0.3532
221 FBM3_031 (1) 3 : 0.6208 0.0845 0.2947
222 FBM3_032 (0) 3 : 0.5530 0.0980 0.3490
223 FBM3_033 (1) 3 : 0.6079 0.0654 0.3267
224 FBM3_034 (0) 3 : 0.6293 0.0641 0.3066
225 FBM3_035 (0) 3 : 0.6185 0.0539 0.3276
226 FBM3_036 (1) 3 : 0.6528 0.0643 0.2829
227 FBM3_037 (0) 3 : 0.6281 0.0712 0.3007
228 FBM3_038 (0) 3 : 0.6485 0.0684 0.2831
229 FBM3_039 (0) 3 : 0.6463 0.0808 0.2729
230 FBM3_040 (0) 3 : 0.6636 0.0600 0.2764
231 FBM3_041 (0) 3 : 0.6469 0.0700 0.2831
232 FBM3_042 (0) 3 : 0.6379 0.0645 0.2976
233 FBM3_043 (0) 3 : 0.6360 0.0543 0.3097
234 FBM3_044 (0) 3 : 0.6801 0.0644 0.2555
235 FBM3_045 (0) 3 : 0.5847 0.0712 0.3441
236 FBM3_046 (0) 3 : 0.6117 0.0636 0.3247
237 FBM3_047 (1) 3 : 0.6559 0.0601 0.2840
238 FBM3_048 (0) 3 : 0.6482 0.0638 0.2880
239 FBM3_049 (0) 3 : 0.5869 0.0778 0.3353
240 FBM3_050 (0) 3 : 0.5975 0.0792 0.3233
241 FBM3_051 (1) 3 : 0.6655 0.0609 0.2736
242 FBM3_052 (0) 3 : 0.6351 0.0687 0.2962
243 FBM3_053 (1) 3 : 0.6099 0.0822 0.3079
244 FBM3_054 (1) 3 : 0.6144 0.0629 0.3227
245 FBM3_055 (0) 3 : 0.6355 0.0713 0.2932
246 FBM3_056 (0) 3 : 0.6517 0.0525 0.2958
247 FBM3_057 (0) 3 : 0.5901 0.0573 0.3526
248 FBM3_058 (0) 3 : 0.6257 0.0719 0.3024
249 FBM3_059 (0) 3 : 0.6220 0.0623 0.3157
250 FBM3_060 (0) 3 : 0.6128 0.0758 0.3114
251 FBM3_061 (0) 3 : 0.6099 0.0726 0.3175
252 FBM3_062 (0) 3 : 0.6332 0.0765 0.2903
253 FBM3_063 (0) 3 : 0.6007 0.0721 0.3272
254 FBM3_064 (0) 3 : 0.6187 0.0729 0.3084
255 FBM3_065 (1) 3 : 0.6410 0.0598 0.2992
256 FBM3_066 (0) 3 : 0.6242 0.0642 0.3116
257 FBM3_067 (0) 3 : 0.6212 0.0582 0.3206
258 FBM3_068 (4) 3 : 0.6500 0.0834 0.2666
259 FBM3_069 (0) 3 : 0.6108 0.0664 0.3228
260 FBM3_070 (0) 3 : 0.6446 0.0702 0.2852
261 FBM3_071 (0) 3 : 0.6251 0.0638 0.3111
262 FBM3_072 (0) 3 : 0.6307 0.0742 0.2951
263 FBM3_073 (0) 3 : 0.6888 0.0583 0.2529
264 FBM3_074 (0) 3 : 0.6435 0.0582 0.2983
265 FBM3_075 (0) 3 : 0.6262 0.0893 0.2845
266 FBM3_076 (0) 3 : 0.6463 0.0919 0.2618
267 FBM3_077 (85) 3 : 0.6168 0.0702 0.3130
268 FBM3_078 (0) 3 : 0.6157 0.0777 0.3066
269 FBM3_079 (0) 3 : 0.6329 0.0623 0.3048
270 FBM3_080 (1) 3 : 0.6503 0.0581 0.2916
271 FBM3_081 (0) 3 : 0.6351 0.0717 0.2932
272 FBM3_082 (0) 3 : 0.6254 0.0535 0.3211
273 FBM3_083 (0) 3 : 0.5928 0.0911 0.3161
274 FBM3_084 (0) 3 : 0.6457 0.0738 0.2805
275 FBM3_085 (0) 3 : 0.6138 0.0751 0.3111
276 FBM3_086 (0) 3 : 0.6273 0.0704 0.3023
277 FBM3_087 (0) 3 : 0.6081 0.0713 0.3206
278 FBM3_088 (0) 3 : 0.6358 0.0961 0.2681
279 FBM3_089 (5) 3 : 0.6644 0.0609 0.2747
280 FBM3_090 (0) 3 : 0.6340 0.0745 0.2915
281 FBM3_091 (0) 3 : 0.6316 0.0740 0.2944
282 FBM3_092 (3) 3 : 0.6373 0.0595 0.3032
283 FBM3_093 (0) 3 : 0.6270 0.0609 0.3121
284 FBM3_094 (0) 3 : 0.5810 0.0785 0.3405
285 FBM3_095 (0) 3 : 0.5874 0.0922 0.3204
286 FBM4_001 (27) 4 : 0.5973 0.0739 0.3288
287 FBM4_002 (0) 4 : 0.6023 0.0787 0.3190
288 FBM4_003 (2) 4 : 0.6426 0.0897 0.2677
289 FBM4_004 (3) 4 : 0.6003 0.0944 0.3053
290 FBM4_005 (16) 4 : 0.6217 0.0768 0.3015
291 FBM4_006 (40) 4 : 0.6186 0.0863 0.2951
292 FBM4_007 (43) 4 : 0.6279 0.0838 0.2883
293 FBM4_008 (65) 4 : 0.6476 0.0786 0.2738
294 FBM4_009 (55) 4 : 0.6229 0.0823 0.2948
295 FBM4_010 (34) 4 : 0.6398 0.0696 0.2906
296 FBM4_011 (0) 4 : 0.6125 0.0869 0.3006
297 FBM4_012 (0) 4 : 0.6285 0.0778 0.2937
298 FBM4_013 (61) 4 : 0.6008 0.0771 0.3221
299 FBM4_014 (65) 4 : 0.6257 0.0784 0.2959
300 FBM4_015 (73) 4 : 0.6212 0.0853 0.2935
301 FBM4_016 (80) 4 : 0.6169 0.0850 0.2981
302 FBM4_017 (0) 4 : 0.6073 0.0854 0.3073
303 FBM4_018 (0) 4 : 0.6086 0.0771 0.3144
304 FBM4_019 (0) 4 : 0.6182 0.0747 0.3071
305 FBM4_020 (2) 4 : 0.5807 0.0833 0.3360
306 FBM4_021 (0) 4 : 0.6116 0.1019 0.2865
307 FBM4_022 (2) 4 : 0.6301 0.0741 0.2958
308 FBM4_023 (0) 4 : 0.6443 0.1079 0.2478
309 FBM4_024 (0) 4 : 0.6450 0.0905 0.2645
310 FBM4_025 (0) 4 : 0.6577 0.0812 0.2611
311 FBM4_026 (0) 4 : 0.6286 0.0752 0.2962
312 FBM4_027 (0) 4 : 0.5962 0.0758 0.3280
313 FBM4_028 (1) 4 : 0.5867 0.0953 0.3180
314 FBM4_029 (2) 4 : 0.6507 0.0784 0.2709
315 FBM4_030 (0) 4 : 0.5989 0.0790 0.3221
316 FBM4_031 (1) 4 : 0.5701 0.0904 0.3395
317 FBM4_032 (0) 4 : 0.6189 0.0713 0.3098
318 FBM4_033 (0) 4 : 0.5878 0.0901 0.3221
319 FBM4_034 (0) 4 : 0.6261 0.0882 0.2857
320 FBM4_035 (0) 4 : 0.6335 0.0689 0.2976
321 FBM4_036 (0) 4 : 0.6089 0.0678 0.3233
322 FBM4_037 (1) 4 : 0.6089 0.0914 0.2997
323 FBM4_038 (0) 4 : 0.6199 0.0833 0.2968
324 FBM4_039 (1) 4 : 0.6333 0.0909 0.2758
325 FBM4_040 (1) 4 : 0.6222 0.0814 0.2964
326 FBM4_041 (0) 4 : 0.5876 0.1005 0.3119
327 FBM4_042 (1) 4 : 0.6018 0.0809 0.3173
328 FBM4_043 (0) 4 : 0.6176 0.0795 0.3029
329 FBM4_044 (0) 4 : 0.5951 0.1058 0.2991
330 FBM4_045 (0) 4 : 0.6419 0.0771 0.2810
331 FBM4_046 (0) 4 : 0.5877 0.1006 0.3117
332 FBM4_047 (0) 4 : 0.6196 0.0731 0.3073
333 FBM4_048 (0) 4 : 0.5816 0.0872 0.3312
334 FBM4_049 (1) 4 : 0.6148 0.0967 0.2885
335 FBM4_050 (0) 4 : 0.6088 0.0781 0.3131
336 FBM4_051 (1) 4 : 0.6242 0.0750 0.3008
337 FBM4_052 (0) 4 : 0.6210 0.0913 0.2877
338 FBM4_053 (0) 4 : 0.6106 0.0732 0.3162
339 FBM4_054 (0) 4 : 0.6178 0.0798 0.3024
340 FBM4_055 (0) 4 : 0.6003 0.0687 0.3310
341 FBM4_056 (0) 4 : 0.6308 0.0891 0.2801
342 FBM4_057 (0) 4 : 0.6050 0.0734 0.3216
343 FBM4_058 (0) 4 : 0.6148 0.0950 0.2902
344 FBM4_059 (0) 4 : 0.6387 0.0824 0.2789
345 FBM4_060 (7) 4 : 0.6223 0.0900 0.2877
346 FBM4_061 (2) 4 : 0.6270 0.0862 0.2868
347 FBM4_062 (1) 4 : 0.6114 0.1009 0.2877
348 FBM4_063 (0) 4 : 0.6027 0.0830 0.3143
349 FBM4_064 (0) 4 : 0.5735 0.0805 0.3460
350 FBM4_065 (0) 4 : 0.5932 0.0725 0.3343
351 FBM4_066 (1) 4 : 0.6000 0.1138 0.2862
352 FBM4_067 (0) 4 : 0.6225 0.0712 0.3063
353 FBM4_068 (1) 4 : 0.6112 0.0779 0.3109
354 FBM4_069 (2) 4 : 0.6083 0.0922 0.2995
355 FBM4_070 (0) 4 : 0.6004 0.0907 0.3089
356 FBM4_071 (0) 4 : 0.6331 0.0831 0.2838
357 FBM4_072 (1) 4 : 0.6218 0.0807 0.2975
358 FBM4_073 (0) 4 : 0.6229 0.0982 0.2789
359 FBM4_074 (0) 4 : 0.6742 0.0725 0.2533
360 FBM4_075 (0) 4 : 0.5791 0.1014 0.3195
361 FBM4_076 (3) 4 : 0.6122 0.0962 0.2916
362 FBM4_077 (0) 4 : 0.6497 0.0753 0.2750
363 FBM4_078 (0) 4 : 0.6240 0.0942 0.2818
364 FBM4_079 (0) 4 : 0.6140 0.0753 0.3107
365 FBM4_080 (0) 4 : 0.6117 0.0718 0.3165
366 FBM4_081 (0) 4 : 0.5907 0.0898 0.3195
367 FBM4_082 (0) 4 : 0.6067 0.0779 0.3154
368 FBM4_083 (0) 4 : 0.6367 0.0841 0.2792
369 FBM4_084 (2) 4 : 0.6295 0.0988 0.2717
370 FBM4_085 (0) 4 : 0.6527 0.0747 0.2726
371 FBM4_086 (0) 4 : 0.6325 0.0896 0.2779
372 FBM4_087 (0) 4 : 0.6323 0.0713 0.2964
373 FBM4_088 (0) 4 : 0.6115 0.1033 0.2852
374 FBM4_089 (1) 4 : 0.5846 0.0928 0.3226
375 FBM4_090 (0) 4 : 0.5951 0.0789 0.3260
376 FBM4_091 (0) 4 : 0.6226 0.1015 0.2759
377 FBM4_092 (3) 4 : 0.6172 0.0733 0.3095
378 FBM4_093 (1) 4 : 0.5973 0.0804 0.3223
379 FBM4_094 (0) 4 : 0.6191 0.0833 0.2976
380 FBM4_095 (0) 4 : 0.6118 0.0792 0.3090
381 FOM1_001 (0) 5 : 0.5798 0.0960 0.3242
382 FOM1_002 (0) 5 : 0.5674 0.0973 0.3353
383 FOM1_003 (12) 5 : 0.5821 0.0922 0.3257
384 FOM1_004 (0) 5 : 0.5697 0.0950 0.3353
385 FOM1_005 (0) 5 : 0.5391 0.1055 0.3554
386 FOM1_006 (1) 5 : 0.5715 0.0814 0.3471
387 FOM1_007 (0) 5 : 0.5100 0.1176 0.3724
388 FOM1_008 (2) 5 : 0.5751 0.0824 0.3425
389 FOM1_009 (0) 5 : 0.5782 0.0968 0.3250
390 FOM1_010 (0) 5 : 0.5864 0.1063 0.3073
391 FOM1_011 (0) 5 : 0.5539 0.1003 0.3458
392 FOM1_012 (0) 5 : 0.5703 0.0886 0.3411
393 FOM1_013 (0) 5 : 0.5677 0.0938 0.3385
394 FOM1_014 (1) 5 : 0.5764 0.0866 0.3370
395 FOM1_015 (0) 5 : 0.6030 0.0792 0.3178
396 FOM1_016 (4) 5 : 0.5414 0.0764 0.3821
397 FOM1_017 (0) 5 : 0.5697 0.0841 0.3462
398 FOM1_018 (12) 5 : 0.5677 0.0951 0.3372
399 FOM1_019 (2) 5 : 0.5883 0.0814 0.3303
400 FOM1_020 (0) 5 : 0.5996 0.0866 0.3138
401 FOM1_021 (1) 5 : 0.5477 0.1018 0.3505
402 FOM1_022 (0) 5 : 0.5526 0.0948 0.3526
403 FOM1_023 (0) 5 : 0.5532 0.0833 0.3635
404 FOM1_024 (0) 5 : 0.5610 0.0931 0.3459
405 FOM1_025 (0) 5 : 0.6020 0.0800 0.3180
406 FOM1_026 (0) 5 : 0.5506 0.0992 0.3502
407 FOM1_027 (0) 5 : 0.5349 0.0938 0.3713
408 FOM1_028 (0) 5 : 0.5776 0.0844 0.3380
409 FOM1_029 (0) 5 : 0.5637 0.1054 0.3309
410 FOM1_030 (0) 5 : 0.5256 0.1031 0.3713
411 FOM1_031 (0) 5 : 0.5377 0.0942 0.3681
412 FOM1_032 (0) 5 : 0.5937 0.0942 0.3121
413 FOM1_033 (0) 5 : 0.5875 0.0989 0.3136
414 FOM1_034 (0) 5 : 0.4910 0.1082 0.4008
415 FOM1_035 (3) 5 : 0.5598 0.0948 0.3454
416 FOM1_036 (0) 5 : 0.5528 0.0795 0.3677
417 FOM1_037 (10) 5 : 0.5718 0.0884 0.3398
418 FOM1_038 (80) 5 : 0.5765 0.0869 0.3366
419 FOM1_039 (0) 5 : 0.5347 0.1127 0.3526
420 FOM1_040 (0) 5 : 0.5581 0.0939 0.3480
421 FOM1_041 (0) 5 : 0.5901 0.0775 0.3324
422 FOM1_042 (0) 5 : 0.5775 0.0866 0.3359
423 FOM1_043 (0) 5 : 0.5250 0.1024 0.3726
424 FOM1_044 (4) 5 : 0.5299 0.0885 0.3816
425 FOM1_045 (2) 5 : 0.5808 0.0931 0.3261
426 FOM1_046 (80) 5 : 0.5620 0.0873 0.3507
427 FOM1_047 (11) 5 : 0.6043 0.0724 0.3233
428 FOM1_048 (0) 5 : 0.5660 0.0968 0.3372
429 FOM1_049 (0) 5 : 0.5598 0.1032 0.3370
430 FOM1_050 (0) 5 : 0.5987 0.0808 0.3205
431 FOM1_051 (0) 5 : 0.5595 0.0878 0.3527
432 FOM1_052 (0) 5 : 0.5630 0.0945 0.3425
433 FOM1_053 (2) 5 : 0.5340 0.0886 0.3774
434 FOM1_054 (0) 5 : 0.4904 0.1139 0.3957
435 FOM1_055 (2) 5 : 0.5157 0.0918 0.3925
436 FOM1_056 (1) 5 : 0.5209 0.1123 0.3668
437 FOM1_057 (3) 5 : 0.5369 0.0893 0.3738
438 FOM1_058 (1) 5 : 0.5440 0.0916 0.3644
439 FOM1_059 (0) 5 : 0.5884 0.1004 0.3112
440 FOM1_060 (4) 5 : 0.5747 0.0874 0.3379
441 FOM1_061 (2) 5 : 0.5713 0.0987 0.3300
442 FOM1_062 (0) 5 : 0.5199 0.1122 0.3679
443 FOM1_063 (0) 5 : 0.5481 0.0861 0.3658
444 FOM1_064 (3) 5 : 0.5966 0.0850 0.3184
445 FOM1_065 (0) 5 : 0.5632 0.1019 0.3349
446 FOM1_066 (2) 5 : 0.5527 0.0797 0.3676
447 FOM1_067 (0) 5 : 0.5537 0.1146 0.3317
448 FOM1_068 (1) 5 : 0.5396 0.0860 0.3744
449 FOM1_069 (0) 5 : 0.5355 0.0948 0.3697
450 FOM1_070 (0) 5 : 0.5435 0.0924 0.3641
451 FOM1_071 (1) 5 : 0.5258 0.0952 0.3790
452 FOM1_072 (0) 5 : 0.5940 0.0942 0.3118
453 FOM1_073 (0) 5 : 0.5512 0.0837 0.3651
454 FOM1_074 (0) 5 : 0.5703 0.0963 0.3334
455 FOM1_075 (0) 5 : 0.5889 0.0766 0.3345
456 FOM1_076 (2) 5 : 0.5932 0.0768 0.3300
457 FOM1_077 (0) 5 : 0.5113 0.0828 0.4059
458 FOM1_078 (0) 5 : 0.5581 0.0747 0.3672
459 FOM1_079 (0) 5 : 0.5504 0.0864 0.3632
460 FOM1_080 (0) 5 : 0.5433 0.0912 0.3655
461 FOM1_081 (0) 5 : 0.5705 0.0905 0.3390
462 FOM1_082 (3) 5 : 0.5864 0.0891 0.3245
463 FOM1_083 (7) 5 : 0.5575 0.0984 0.3441
464 FOM1_084 (2) 5 : 0.5623 0.0870 0.3507
465 FOM1_085 (0) 5 : 0.5755 0.1000 0.3245
466 FOM1_086 (0) 5 : 0.5138 0.0857 0.4005
467 FOM1_087 (0) 5 : 0.5285 0.0799 0.3916
468 FOM1_088 (0) 5 : 0.5716 0.0932 0.3352
469 FOM1_089 (0) 5 : 0.5855 0.0831 0.3314
470 FOM1_090 (1) 5 : 0.5749 0.0805 0.3446
471 FOM1_091 (62) 5 : 0.5421 0.1144 0.3435
472 FOM1_092 (1) 5 : 0.4890 0.0995 0.4115
473 FOM1_093 (0) 5 : 0.5690 0.0895 0.3415
474 FOM1_094 (0) 5 : 0.5588 0.0882 0.3530
475 FOM1_095 (0) 5 : 0.5744 0.1017 0.3238
476 FTM2_001 (0) 6 : 0.5207 0.1083 0.3710
477 FTM2_002 (0) 6 : 0.5921 0.0914 0.3165
478 FTM2_003 (8) 6 : 0.5800 0.0911 0.3289
479 FTM2_004 (4) 6 : 0.5379 0.1095 0.3526
480 FTM2_005 (0) 6 : 0.5330 0.1013 0.3657
481 FTM2_006 (9) 6 : 0.5651 0.1139 0.3210
482 FTM2_007 (2) 6 : 0.6035 0.0986 0.2979
483 FTM2_008 (1) 6 : 0.6038 0.0915 0.3047
484 FTM2_009 (0) 6 : 0.5317 0.1025 0.3658
485 FTM2_010 (0) 6 : 0.5946 0.1057 0.2997
486 FTM2_011 (0) 6 : 0.5829 0.0920 0.3251
487 FTM2_012 (5) 6 : 0.5810 0.0933 0.3257
488 FTM2_013 (0) 6 : 0.6070 0.0886 0.3044
489 FTM2_014 (0) 6 : 0.5713 0.0952 0.3335
490 FTM2_015 (0) 6 : 0.5280 0.0981 0.3739
491 FTM2_016 (0) 6 : 0.5565 0.1046 0.3389
492 FTM2_017 (0) 6 : 0.5455 0.0913 0.3632
493 FTM2_018 (0) 6 : 0.5183 0.1015 0.3802
494 FTM2_019 (0) 6 : 0.5297 0.1086 0.3617
495 FTM2_020 (1) 6 : 0.5410 0.0938 0.3652
496 FTM2_021 (5) 6 : 0.6138 0.0914 0.2948
497 FTM2_022 (0) 6 : 0.5657 0.0941 0.3402
498 FTM2_023 (0) 6 : 0.5955 0.1174 0.2871
499 FTM2_024 (0) 6 : 0.5302 0.1045 0.3653
500 FTM2_025 (0) 6 : 0.5496 0.0990 0.3514
501 FTM2_026 (0) 6 : 0.6053 0.0899 0.3048
502 FTM2_027 (2) 6 : 0.5775 0.1010 0.3215
503 FTM2_028 (0) 6 : 0.5170 0.0992 0.3838
504 FTM2_029 (2) 6 : 0.6528 0.0861 0.2611
505 FTM2_030 (1) 6 : 0.5874 0.1122 0.3004
506 FTM2_031 (0) 6 : 0.5422 0.1325 0.3253
507 FTM2_032 (0) 6 : 0.5536 0.0940 0.3524
508 FTM2_033 (2) 6 : 0.6035 0.1097 0.2868
509 FTM2_034 (0) 6 : 0.5249 0.1142 0.3609
510 FTM2_035 (0) 6 : 0.5888 0.1044 0.3068
511 FTM2_036 (0) 6 : 0.5971 0.0854 0.3175
512 FTM2_037 (0) 6 : 0.5737 0.0830 0.3433
513 FTM2_038 (84) 6 : 0.5371 0.1102 0.3527
514 FTM2_039 (6) 6 : 0.5490 0.1030 0.3480
515 FTM2_040 (0) 6 : 0.5516 0.0916 0.3568
516 FTM2_041 (7) 6 : 0.5730 0.0877 0.3393
517 FTM2_042 (0) 6 : 0.5767 0.0968 0.3265
518 FTM2_043 (0) 6 : 0.5732 0.1082 0.3186
519 FTM2_044 (0) 6 : 0.5420 0.0856 0.3724
520 FTM2_045 (1) 6 : 0.6094 0.0935 0.2971
521 FTM2_046 (82) 6 : 0.5686 0.0937 0.3377
522 FTM2_047 (0) 6 : 0.5761 0.0813 0.3426
523 FTM2_048 (0) 6 : 0.6083 0.1080 0.2837
524 FTM2_049 (0) 6 : 0.5753 0.1021 0.3226
525 FTM2_050 (0) 6 : 0.5218 0.0962 0.3820
526 FTM2_051 (0) 6 : 0.5676 0.1237 0.3087
527 FTM2_052 (0) 6 : 0.5400 0.0938 0.3662
528 FTM2_053 (0) 6 : 0.5458 0.0978 0.3564
529 FTM2_054 (0) 6 : 0.6105 0.1063 0.2832
530 FTM2_055 (0) 6 : 0.5420 0.0992 0.3588
531 FTM2_056 (0) 6 : 0.5527 0.1314 0.3159
532 FTM2_057 (0) 6 : 0.5615 0.0839 0.3546
533 FTM2_058 (0) 6 : 0.5683 0.0907 0.3410
534 FTM2_059 (0) 6 : 0.5019 0.1204 0.3777
535 FTM2_060 (3) 6 : 0.6082 0.0720 0.3198
536 FTM2_061 (0) 6 : 0.5931 0.0983 0.3086
537 FTM2_062 (0) 6 : 0.5822 0.0815 0.3363
538 FTM2_063 (0) 6 : 0.5982 0.1139 0.2879
539 FTM2_064 (0) 6 : 0.4751 0.1307 0.3942
540 FTM2_065 (0) 6 : 0.5677 0.0793 0.3530
541 FTM2_066 (0) 6 : 0.6159 0.1032 0.2809
542 FTM2_067 (0) 6 : 0.5795 0.1040 0.3165
543 FTM2_068 (1) 6 : 0.5493 0.1023 0.3484
544 FTM2_069 (20) 6 : 0.5411 0.1132 0.3457
545 FTM2_071 (0) 6 : 0.5305 0.1133 0.3562
546 FTM2_072 (0) 6 : 0.5653 0.0971 0.3376
547 FTM2_073 (0) 6 : 0.6225 0.0804 0.2971
548 FTM2_074 (2) 6 : 0.5234 0.1022 0.3744
549 FTM2_075 (0) 6 : 0.5798 0.1183 0.3019
550 FTM2_076 (3) 6 : 0.5229 0.1025 0.3746
551 FTM2_077 (0) 6 : 0.5424 0.1157 0.3419
552 FTM2_078 (0) 6 : 0.5610 0.0903 0.3487
553 FTM2_079 (0) 6 : 0.5402 0.1075 0.3523
554 FTM2_080 (1) 6 : 0.5085 0.1358 0.3558
555 FTM2_081 (2) 6 : 0.5990 0.0859 0.3151
556 FTM2_082 (0) 6 : 0.5576 0.1242 0.3182
557 FTM2_083 (0) 6 : 0.5224 0.1054 0.3722
558 FTM2_084 (2) 6 : 0.5444 0.1181 0.3375
559 FTM2_085 (0) 6 : 0.5970 0.1015 0.3015
560 FTM2_086 (1) 6 : 0.5487 0.1038 0.3475
561 FTM2_087 (0) 6 : 0.5926 0.1118 0.2956
562 FTM2_088 (0) 6 : 0.5206 0.1174 0.3619
563 FTM2_089 (1) 6 : 0.6060 0.0885 0.3055
564 FTM2_090 (56) 6 : 0.5347 0.1035 0.3618
565 FTM2_091 (71) 6 : 0.5585 0.0938 0.3477
566 FTM2_092 (0) 6 : 0.5770 0.0868 0.3362
567 FTM2_093 (0) 6 : 0.5007 0.1091 0.3902
568 FTM2_094 (0) 6 : 0.5514 0.0940 0.3546
569 FTM2_095 (0) 6 : 0.5900 0.0946 0.3154
570 FTM3_001 (0) 7 : 0.5866 0.0925 0.3209
571 FTM3_002 (0) 7 : 0.5750 0.0691 0.3559
572 FTM3_003 (1) 7 : 0.6442 0.0699 0.2859
573 FTM3_004 (0) 7 : 0.5532 0.0847 0.3621
574 FTM3_005 (0) 7 : 0.5949 0.0753 0.3298
575 FTM3_006 (0) 7 : 0.6427 0.0695 0.2878
576 FTM3_007 (0) 7 : 0.5862 0.0707 0.3431
577 FTM3_008 (0) 7 : 0.5644 0.0649 0.3707
578 FTM3_009 (1) 7 : 0.5891 0.0559 0.3550
579 FTM3_010 (0) 7 : 0.6150 0.0710 0.3140
580 FTM3_011 (0) 7 : 0.6049 0.0702 0.3249
581 FTM3_012 (3) 7 : 0.6592 0.0635 0.2773
582 FTM3_013 (0) 7 : 0.6197 0.0580 0.3223
583 FTM3_014 (0) 7 : 0.5615 0.0711 0.3674
584 FTM3_015 (0) 7 : 0.6125 0.0598 0.3277
585 FTM3_016 (0) 7 : 0.5842 0.0903 0.3255
586 FTM3_017 (0) 7 : 0.6322 0.0747 0.2931
587 FTM3_018 (1) 7 : 0.6082 0.0590 0.3328
588 FTM3_019 (0) 7 : 0.5770 0.0752 0.3478
589 FTM3_020 (1) 7 : 0.6344 0.0709 0.2947
590 FTM3_021 (2) 7 : 0.5820 0.0651 0.3529
591 FTM3_022 (0) 7 : 0.6416 0.0722 0.2862
592 FTM3_023 (0) 7 : 0.6093 0.0668 0.3239
593 FTM3_024 (0) 7 : 0.6272 0.0724 0.3004
594 FTM3_025 (0) 7 : 0.5789 0.0737 0.3474
595 FTM3_026 (0) 7 : 0.6351 0.0625 0.3024
596 FTM3_027 (0) 7 : 0.5648 0.0776 0.3576
597 FTM3_028 (0) 7 : 0.5984 0.0692 0.3324
598 FTM3_029 (0) 7 : 0.5910 0.0676 0.3414
599 FTM3_030 (0) 7 : 0.6083 0.0626 0.3291
600 FTM3_031 (0) 7 : 0.6600 0.0574 0.2826
601 FTM3_032 (0) 7 : 0.6355 0.0678 0.2967
602 FTM3_033 (0) 7 : 0.6025 0.0783 0.3192
603 FTM3_034 (0) 7 : 0.6135 0.0659 0.3206
604 FTM3_035 (1) 7 : 0.5859 0.0662 0.3479
605 FTM3_036 (0) 7 : 0.6385 0.0697 0.2918
606 FTM3_037 (0) 7 : 0.5994 0.0626 0.3380
607 FTM3_038 (0) 7 : 0.5814 0.0673 0.3513
608 FTM3_039 (2) 7 : 0.6309 0.0608 0.3083
609 FTM3_040 (0) 7 : 0.6167 0.0713 0.3120
610 FTM3_041 (0) 7 : 0.5797 0.0810 0.3393
611 FTM3_042 (0) 7 : 0.6362 0.0642 0.2996
612 FTM3_043 (0) 7 : 0.5785 0.0852 0.3363
613 FTM3_044 (2) 7 : 0.6318 0.0621 0.3061
614 FTM3_045 (0) 7 : 0.5901 0.0552 0.3547
615 FTM3_046 (0) 7 : 0.5913 0.0791 0.3296
616 FTM3_047 (0) 7 : 0.6027 0.0667 0.3306
617 FTM3_048 (0) 7 : 0.5912 0.0613 0.3475
618 FTM3_049 (0) 7 : 0.6246 0.0649 0.3105
619 FTM3_050 (0) 7 : 0.5959 0.0688 0.3353
620 FTM3_051 (0) 7 : 0.6562 0.0647 0.2791
621 FTM3_052 (0) 7 : 0.5551 0.0706 0.3743
622 FTM3_053 (0) 7 : 0.5767 0.0624 0.3609
623 FTM3_054 (0) 7 : 0.5491 0.0907 0.3601
624 FTM3_055 (1) 7 : 0.6316 0.0756 0.2928
625 FTM3_056 (0) 7 : 0.6152 0.0594 0.3254
626 FTM3_057 (0) 7 : 0.6164 0.0598 0.3238
627 FTM3_058 (0) 7 : 0.6196 0.0627 0.3177
628 FTM3_059 (0) 7 : 0.6054 0.0757 0.3189
629 FTM3_060 (0) 7 : 0.5988 0.0617 0.3395
630 FTM3_061 (0) 7 : 0.6141 0.0689 0.3170
631 FTM3_062 (0) 7 : 0.6310 0.0932 0.2758
632 FTM3_063 (0) 7 : 0.5550 0.0771 0.3679
633 FTM3_064 (0) 7 : 0.5901 0.0675 0.3424
634 FTM3_065 (0) 7 : 0.6195 0.0582 0.3223
635 FTM3_066 (0) 7 : 0.6015 0.0810 0.3175
636 FTM3_067 (0) 7 : 0.6475 0.0608 0.2917
637 FTM3_068 (0) 7 : 0.6075 0.0626 0.3299
638 FTM3_069 (1) 7 : 0.6162 0.0643 0.3195
639 FTM3_070 (0) 7 : 0.6283 0.0750 0.2967
640 FTM3_071 (0) 7 : 0.6416 0.0601 0.2983
641 FTM3_072 (1) 7 : 0.5861 0.0671 0.3468
642 FTM3_073 (0) 7 : 0.6224 0.0737 0.3039
643 FTM3_074 (1) 7 : 0.5802 0.0713 0.3485
644 FTM3_075 (0) 7 : 0.6495 0.0655 0.2850
645 FTM3_076 (0) 7 : 0.6388 0.0781 0.2831
646 FTM3_077 (0) 7 : 0.6244 0.0743 0.3013
647 FTM3_078 (0) 7 : 0.6331 0.0583 0.3086
648 FTM3_079 (0) 7 : 0.6221 0.0697 0.3082
649 FTM3_080 (1) 7 : 0.5915 0.0672 0.3413
650 FTM3_081 (0) 7 : 0.5918 0.0638 0.3444
651 FTM3_082 (0) 7 : 0.6431 0.0663 0.2906
652 FTM3_083 (19) 7 : 0.6382 0.0693 0.2925
653 FTM3_084 (1) 7 : 0.5621 0.0760 0.3619
654 FTM3_085 (0) 7 : 0.5875 0.0697 0.3428
655 FTM3_086 (0) 7 : 0.6296 0.0616 0.3088
656 FTM3_087 (0) 7 : 0.5883 0.0612 0.3505
657 FTM3_088 (1) 7 : 0.5799 0.0686 0.3515
658 FTM3_089 (0) 7 : 0.6292 0.0540 0.3168
659 FTM3_090 (0) 7 : 0.5681 0.0608 0.3711
660 FTM3_091 (1) 7 : 0.6061 0.0791 0.3148
661 FTM3_092 (0) 7 : 0.6024 0.0667 0.3309
662 FTM3_093 (0) 7 : 0.5611 0.0802 0.3587
663 FTM4_001 (0) 8 : 0.6683 0.0566 0.2751
664 FTM4_002 (0) 8 : 0.6274 0.0699 0.3027
665 FTM4_003 (0) 8 : 0.6753 0.0580 0.2667
666 FTM4_004 (4) 8 : 0.6460 0.0516 0.3024
667 FTM4_005 (2) 8 : 0.6816 0.0481 0.2703
668 FTM4_006 (0) 8 : 0.6344 0.0509 0.3147
669 FTM4_007 (0) 8 : 0.5966 0.0613 0.3421
670 FTM4_008 (0) 8 : 0.6684 0.0544 0.2772
671 FTM4_009 (0) 8 : 0.6206 0.0611 0.3183
672 FTM4_010 (0) 8 : 0.6461 0.0478 0.3061
673 FTM4_011 (0) 8 : 0.6304 0.0686 0.3010
674 FTM4_012 (4) 8 : 0.6793 0.0572 0.2635
675 FTM4_013 (9) 8 : 0.6641 0.0681 0.2678
676 FTM4_014 (0) 8 : 0.6416 0.0542 0.3042
677 FTM4_015 (0) 8 : 0.6616 0.0557 0.2827
678 FTM4_016 (0) 8 : 0.6211 0.0547 0.3242
679 FTM4_017 (0) 8 : 0.6335 0.0680 0.2985
680 FTM4_018 (0) 8 : 0.6187 0.0529 0.3284
681 FTM4_019 (0) 8 : 0.6268 0.0534 0.3198
682 FTM4_020 (0) 8 : 0.7107 0.0480 0.2413
683 FTM4_021 (1) 8 : 0.6543 0.0573 0.2884
684 FTM4_022 (0) 8 : 0.6661 0.0595 0.2744
685 FTM4_023 (0) 8 : 0.6447 0.0531 0.3022
686 FTM4_024 (0) 8 : 0.6521 0.0609 0.2870
687 FTM4_025 (0) 8 : 0.6201 0.0586 0.3213
688 FTM4_026 (0) 8 : 0.6125 0.0495 0.3380
689 FTM4_027 (0) 8 : 0.5578 0.0757 0.3665
690 FTM4_028 (0) 8 : 0.6311 0.0735 0.2954
691 FTM4_029 (4) 8 : 0.6383 0.0511 0.3106
692 FTM4_030 (0) 8 : 0.7160 0.0521 0.2319
693 FTM4_031 (0) 8 : 0.6698 0.0516 0.2786
694 FTM4_032 (0) 8 : 0.6381 0.0631 0.2988
695 FTM4_033 (0) 8 : 0.6506 0.0625 0.2869
696 FTM4_034 (0) 8 : 0.6797 0.0678 0.2525
697 FTM4_035 (0) 8 : 0.6770 0.0501 0.2729
698 FTM4_036 (0) 8 : 0.6205 0.0630 0.3165
699 FTM4_037 (5) 8 : 0.6998 0.0565 0.2437
700 FTM4_038 (1) 8 : 0.7042 0.0467 0.2491
701 FTM4_039 (0) 8 : 0.6482 0.0604 0.2914
702 FTM4_040 (0) 8 : 0.6273 0.0644 0.3083
703 FTM4_041 (2) 8 : 0.6531 0.0641 0.2828
704 FTM4_042 (0) 8 : 0.6530 0.0566 0.2904
705 FTM4_043 (0) 8 : 0.6528 0.0616 0.2856
706 FTM4_044 (0) 8 : 0.6454 0.0503 0.3043
707 FTM4_045 (1) 8 : 0.6649 0.0558 0.2793
708 FTM4_046 (0) 8 : 0.6332 0.0667 0.3001
709 FTM4_047 (0) 8 : 0.6335 0.0606 0.3059
710 FTM4_048 (0) 8 : 0.7075 0.0494 0.2431
711 FTM4_049 (0) 8 : 0.6417 0.0647 0.2936
712 FTM4_050 (0) 8 : 0.6556 0.0548 0.2896
713 FTM4_051 (1) 8 : 0.6259 0.0570 0.3171
714 FTM4_052 (2) 8 : 0.6462 0.0493 0.3045
715 FTM4_053 (0) 8 : 0.6759 0.0525 0.2716
716 FTM4_054 (1) 8 : 0.6379 0.0591 0.3030
717 FTM4_055 (1) 8 : 0.6229 0.0463 0.3308
718 FTM4_056 (0) 8 : 0.6417 0.0637 0.2946
719 FTM4_057 (0) 8 : 0.6403 0.0540 0.3057
720 FTM4_058 (0) 8 : 0.6496 0.0823 0.2681
721 FTM4_059 (0) 8 : 0.6298 0.0650 0.3052
722 FTM4_060 (12) 8 : 0.6665 0.0554 0.2781
723 FTM4_061 (1) 8 : 0.6323 0.0509 0.3168
724 FTM4_062 (0) 8 : 0.6781 0.0649 0.2570
725 FTM4_063 (0) 8 : 0.6375 0.0496 0.3129
726 FTM4_064 (0) 8 : 0.6180 0.0697 0.3123
727 FTM4_065 (0) 8 : 0.6597 0.0509 0.2894
728 FTM4_066 (0) 8 : 0.6418 0.0553 0.3029
729 FTM4_067 (0) 8 : 0.6596 0.0511 0.2893
730 FTM4_068 (12) 8 : 0.6454 0.0508 0.3038
731 FTM4_069 (2) 8 : 0.6685 0.0516 0.2799
732 FTM4_070 (0) 8 : 0.5854 0.0598 0.3548
733 FTM4_071 (0) 8 : 0.6187 0.0627 0.3186
734 FTM4_072 (0) 8 : 0.6268 0.0698 0.3034
735 FTM4_073 (0) 8 : 0.6371 0.0509 0.3120
736 FTM4_074 (0) 8 : 0.6551 0.0501 0.2948
737 FTM4_075 (0) 8 : 0.6441 0.0513 0.3046
738 FTM4_076 (11) 8 : 0.6869 0.0542 0.2589
739 FTM4_077 (2) 8 : 0.6676 0.0507 0.2817
740 FTM4_078 (0) 8 : 0.6525 0.0513 0.2962
741 FTM5_001 (0) 9 : 0.6721 0.0758 0.2521
742 FTM5_002 (0) 9 : 0.6357 0.0778 0.2865
743 FTM5_003 (0) 9 : 0.6895 0.0735 0.2370
744 FTM5_004 (0) 9 : 0.5987 0.0754 0.3259
745 FTM5_005 (0) 9 : 0.5866 0.0821 0.3313
746 FTM5_006 (0) 9 : 0.6341 0.0703 0.2956
747 FTM5_007 (0) 9 : 0.6401 0.0834 0.2765
748 FTM5_008 (0) 9 : 0.5896 0.1054 0.3050
749 FTM5_009 (0) 9 : 0.6024 0.0767 0.3210
750 FTM5_010 (0) 9 : 0.5944 0.0804 0.3252
751 FTM5_011 (0) 9 : 0.5870 0.0767 0.3363
752 FTM5_012 (0) 9 : 0.5935 0.0733 0.3332
753 FTM5_013 (0) 9 : 0.6363 0.0665 0.2972
754 FTM5_014 (1) 9 : 0.6325 0.0703 0.2972
755 FTM5_015 (0) 9 : 0.6583 0.0672 0.2745
756 FTM5_016 (1) 9 : 0.6275 0.0576 0.3149
757 FTM5_017 (0) 9 : 0.6207 0.0804 0.2989
758 FTM5_018 (0) 9 : 0.6317 0.0990 0.2693
759 FTM5_019 (0) 9 : 0.5843 0.0650 0.3507
760 FTM5_020 (0) 9 : 0.6010 0.0765 0.3225
761 FTM5_021 (0) 9 : 0.6088 0.0806 0.3106
762 FTM5_022 (0) 9 : 0.6241 0.0776 0.2983
763 FTM5_023 (0) 9 : 0.6618 0.0615 0.2767
764 FTM5_024 (0) 9 : 0.5436 0.0963 0.3601
765 FTM5_025 (0) 9 : 0.5538 0.0823 0.3639
766 FTM5_026 (0) 9 : 0.5945 0.1019 0.3036
767 FTM5_027 (0) 9 : 0.6386 0.0720 0.2894
768 FTM5_028 (0) 9 : 0.6204 0.0641 0.3155
769 FTM5_029 (0) 9 : 0.6046 0.0896 0.3058
770 FTM5_030 (0) 9 : 0.5826 0.1097 0.3077
771 FTM5_031 (0) 9 : 0.6157 0.0853 0.2990
772 FTM5_032 (1) 9 : 0.5542 0.0819 0.3639
773 FTM5_033 (0) 9 : 0.6692 0.0695 0.2613
774 FTM5_034 (0) 9 : 0.6012 0.1084 0.2904
775 FTM5_035 (0) 9 : 0.5837 0.0805 0.3358
776 FTM5_036 (0) 9 : 0.6710 0.0788 0.2503
777 FTM5_037 (0) 9 : 0.6025 0.0803 0.3173
778 FTM5_038 (0) 9 : 0.6295 0.0911 0.2794
779 FTM5_039 (0) 9 : 0.5614 0.0821 0.3565
780 FTM5_040 (0) 9 : 0.6146 0.0647 0.3207
781 FTM5_041 (1) 9 : 0.5907 0.0739 0.3354
782 FTM5_042 (0) 9 : 0.5982 0.0807 0.3211
783 FTM5_043 (0) 9 : 0.6417 0.0771 0.2812
784 FTM5_044 (0) 9 : 0.6175 0.0667 0.3158
785 FTM5_045 (0) 9 : 0.6292 0.0575 0.3133
786 FTM5_046 (0) 9 : 0.6193 0.0860 0.2947
787 FTM5_047 (0) 9 : 0.6133 0.0743 0.3124
788 FTM5_048 (0) 9 : 0.6385 0.0729 0.2886
789 FTM5_049 (0) 9 : 0.6248 0.0806 0.2946
790 FTM5_050 (0) 9 : 0.6697 0.0808 0.2495
791 FTM5_051 (0) 9 : 0.6231 0.0806 0.2963
792 FTM5_052 (0) 9 : 0.6648 0.0634 0.2718
793 FTM5_053 (0) 9 : 0.6347 0.0695 0.2958
794 FTM5_054 (5) 9 : 0.6579 0.0804 0.2617
795 FTM5_055 (1) 9 : 0.5902 0.1099 0.2999
796 FTM5_056 (0) 9 : 0.6542 0.0846 0.2612
797 FTM5_057 (0) 9 : 0.6554 0.0800 0.2646
798 FTM5_058 (0) 9 : 0.5436 0.0783 0.3781
799 FTM5_059 (0) 9 : 0.6067 0.0681 0.3252
800 FTM5_060 (0) 9 : 0.6288 0.0609 0.3103
801 FTM5_061 (0) 9 : 0.6078 0.0962 0.2960
802 FTM5_062 (0) 9 : 0.6443 0.0801 0.2756
803 FTM5_063 (0) 9 : 0.6624 0.0815 0.2561
804 FTM5_064 (0) 9 : 0.6168 0.0749 0.3083
805 FTM5_065 (0) 9 : 0.7166 0.0605 0.2230
806 FTM5_066 (4) 9 : 0.5877 0.0885 0.3238
807 FTM5_067 (0) 9 : 0.6455 0.0876 0.2669
808 FTM5_068 (0) 9 : 0.6459 0.0807 0.2734
809 FTM5_069 (0) 9 : 0.6554 0.0626 0.2820
810 FTM5_070 (1) 9 : 0.5722 0.0898 0.3380
811 FTM5_071 (2) 9 : 0.6605 0.0732 0.2663
812 FTM5_072 (0) 9 : 0.6387 0.0749 0.2864
813 FTM5_073 (0) 9 : 0.5733 0.0689 0.3578
814 FTM5_074 (0) 9 : 0.6064 0.0796 0.3140
815 FTM5_075 (0) 9 : 0.6604 0.0584 0.2812
816 FTM5_076 (0) 9 : 0.6274 0.0668 0.3058
817 FTM5_077 (0) 9 : 0.5923 0.1225 0.2852
818 FTM5_078 (0) 9 : 0.5923 0.0800 0.3277
819 FTM5_079 (0) 9 : 0.5847 0.0984 0.3169
820 FTM5_080 (0) 9 : 0.5867 0.1108 0.3025
821 FTM5_081 (0) 9 : 0.6616 0.0821 0.2563
822 FTM5_082 (0) 9 : 0.6107 0.0879 0.3014
823 FTM5_083 (0) 9 : 0.6045 0.1007 0.2948
824 FTM5_084 (0) 9 : 0.5845 0.1157 0.2998
825 FTM5_085 (0) 9 : 0.5933 0.0956 0.3111
826 FTM5_086 (0) 9 : 0.5821 0.0838 0.3341
827 FTM5_087 (0) 9 : 0.6612 0.0799 0.2589
828 FTM5_088 (0) 9 : 0.6183 0.0731 0.3086
829 FTM5_089 (0) 9 : 0.6704 0.0691 0.2605
830 FTM5_090 (0) 9 : 0.5917 0.0822 0.3261
831 FTM5_091 (2) 9 : 0.6108 0.0640 0.3252
832 FTM5_092 (1) 9 : 0.6112 0.0807 0.3081
833 FTM5_093 (0) 9 : 0.6574 0.0818 0.2608
834 FTM5_094 (65) 9 : 0.6478 0.0783 0.2739
835 FTM5_095 (2) 9 : 0.6665 0.0761 0.2574
836 FTM6_001 (0) 10 : 0.6159 0.0898 0.2944
837 FTM6_002 (0) 10 : 0.6526 0.0711 0.2763
838 FTM6_003 (0) 10 : 0.5971 0.0971 0.3058
839 FTM6_004 (0) 10 : 0.6451 0.0878 0.2671
840 FTM6_005 (2) 10 : 0.6208 0.0836 0.2956
841 FTM6_006 (2) 10 : 0.6232 0.0795 0.2973
842 FTM6_007 (0) 10 : 0.6379 0.0755 0.2866
843 FTM6_008 (0) 10 : 0.6515 0.0869 0.2616
844 FTM6_009 (0) 10 : 0.6755 0.0719 0.2526
845 FTM6_010 (2) 10 : 0.6492 0.0811 0.2697
846 FTM6_011 (1) 10 : 0.5936 0.0984 0.3080
847 FTM6_012 (0) 10 : 0.5680 0.0790 0.3530
848 FTM6_013 (0) 10 : 0.6037 0.0767 0.3196
849 FTM6_014 (0) 10 : 0.6229 0.0892 0.2879
850 FTM6_015 (0) 10 : 0.6495 0.0636 0.2869
851 FTM6_016 (1) 10 : 0.5929 0.0803 0.3268
852 FTM6_017 (2) 10 : 0.5994 0.0789 0.3217
853 FTM6_018 (0) 10 : 0.6568 0.0865 0.2568
854 FTM6_019 (0) 10 : 0.6329 0.0826 0.2845
855 FTM6_020 (0) 10 : 0.5793 0.0806 0.3401
856 FTM6_021 (0) 10 : 0.5922 0.0762 0.3316
857 FTM6_022 (0) 10 : 0.6125 0.0764 0.3111
858 FTM6_023 (0) 10 : 0.6011 0.0837 0.3152
859 FTM6_024 (0) 10 : 0.6242 0.0730 0.3028
860 FTM6_025 (0) 10 : 0.6123 0.0855 0.3022
861 FTM6_026 (0) 10 : 0.6222 0.1086 0.2692
862 FTM6_027 (0) 10 : 0.6887 0.0741 0.2372
863 FTM6_028 (0) 10 : 0.6156 0.0787 0.3057
864 FTM6_029 (0) 10 : 0.6194 0.1148 0.2658
865 FTM6_030 (0) 10 : 0.6170 0.0719 0.3111
866 FTM6_031 (0) 10 : 0.6117 0.0746 0.3137
867 FTM6_032 (0) 10 : 0.6486 0.0708 0.2806
868 FTM6_033 (0) 10 : 0.6120 0.0728 0.3152
869 FTM6_034 (0) 10 : 0.6454 0.0750 0.2796
870 FTM6_035 (0) 10 : 0.6556 0.0981 0.2463
871 FTM6_036 (0) 10 : 0.6366 0.0686 0.2948
872 FTM6_037 (0) 10 : 0.6268 0.0885 0.2847
873 FTM6_038 (0) 10 : 0.6039 0.0887 0.3074
874 FTM6_039 (0) 10 : 0.6449 0.0706 0.2845
875 FTM6_040 (0) 10 : 0.6353 0.0806 0.2841
876 FTM6_041 (0) 10 : 0.6216 0.0864 0.2920
877 FTM6_042 (0) 10 : 0.5833 0.0859 0.3308
878 FTM6_043 (0) 10 : 0.6385 0.0771 0.2844
879 FTM6_044 (1) 10 : 0.6276 0.0828 0.2896
880 FTM6_045 (0) 10 : 0.6600 0.0749 0.2651
881 FTM6_046 (0) 10 : 0.6924 0.0698 0.2379
882 FTM6_047 (0) 10 : 0.6437 0.0795 0.2768
883 FTM6_048 (0) 10 : 0.6255 0.0748 0.2997
884 FTM6_049 (0) 10 : 0.6413 0.0837 0.2750
885 FTM6_050 (0) 10 : 0.6340 0.0979 0.2681
886 FTM6_051 (2) 10 : 0.6271 0.0638 0.3091
887 FTM6_052 (0) 10 : 0.6346 0.0924 0.2730
888 FTM6_053 (0) 10 : 0.6286 0.1061 0.2653
889 FTM6_054 (0) 10 : 0.5684 0.0919 0.3397
890 FTM6_055 (0) 10 : 0.5977 0.0891 0.3132
891 FTM6_056 (0) 10 : 0.5921 0.0759 0.3320
892 FTM6_057 (0) 10 : 0.6522 0.0718 0.2760
893 FTM6_058 (0) 10 : 0.6499 0.0841 0.2660
894 FTM6_059 (0) 10 : 0.6292 0.0721 0.2987
895 FTM6_060 (2) 10 : 0.6171 0.0784 0.3045
896 FTM6_061 (0) 10 : 0.6506 0.0832 0.2662
897 FTM6_062 (0) 10 : 0.5848 0.0819 0.3333
898 FTM6_063 (0) 10 : 0.6107 0.0849 0.3044
899 FTM6_064 (0) 10 : 0.6434 0.0767 0.2799
900 FTM6_065 (0) 10 : 0.6236 0.0771 0.2993
901 FTM6_066 (0) 10 : 0.6260 0.0776 0.2964
902 FTM6_067 (0) 10 : 0.6433 0.0727 0.2840
903 FTM6_068 (3) 10 : 0.6411 0.0733 0.2856
904 FTM6_069 (1) 10 : 0.5659 0.0868 0.3473
905 FTM6_070 (0) 10 : 0.5950 0.0673 0.3377
906 FTM6_071 (0) 10 : 0.5866 0.0847 0.3288
907 FTM6_072 (0) 10 : 0.5894 0.0781 0.3325
908 FTM6_073 (1) 10 : 0.6450 0.0662 0.2888
909 FTM6_074 (0) 10 : 0.6484 0.0825 0.2691
910 FTM6_075 (0) 10 : 0.6186 0.0895 0.2919
911 FTM6_076 (4) 10 : 0.6591 0.0811 0.2598
912 FTM6_077 (0) 10 : 0.5801 0.0862 0.3337
913 FTM6_078 (1) 10 : 0.6436 0.0961 0.2603
914 FTM6_079 (0) 10 : 0.6426 0.0680 0.2894
915 FTM6_080 (0) 10 : 0.6412 0.0643 0.2945
916 FTM6_081 (0) 10 : 0.6521 0.0782 0.2697
917 FTM6_082 (0) 10 : 0.6344 0.0786 0.2870
918 FTM6_083 (0) 10 : 0.6091 0.0777 0.3132
919 FTM6_084 (2) 10 : 0.5934 0.0771 0.3295
920 FTM6_085 (0) 10 : 0.6514 0.0683 0.2803
921 FTM6_086 (0) 10 : 0.6198 0.0862 0.2940
922 FTM6_087 (0) 10 : 0.6253 0.0743 0.3004
923 FTM6_088 (0) 10 : 0.6427 0.0748 0.2825
924 FTM6_089 (0) 10 : 0.6333 0.0737 0.2930
925 FTM6_090 (0) 10 : 0.6234 0.0934 0.2832
926 FTM6_091 (0) 10 : 0.6184 0.0697 0.3119
927 FTM6_092 (0) 10 : 0.6394 0.0865 0.2741
928 FTM6_093 (0) 10 : 0.6151 0.0813 0.3036
929 FTM6_094 (0) 10 : 0.6126 0.0813 0.3061
930 FTM6_095 (4) 10 : 0.6649 0.0719 0.2632
931 KBL4_001 (0) 13 : 0.1131 0.0226 0.8643
932 KBL4_002 (0) 13 : 0.0920 0.0256 0.8824
933 KBL4_003 (0) 13 : 0.1255 0.0246 0.8499
934 KBL4_004 (0) 13 : 0.1074 0.0272 0.8654
935 KBL4_005 (0) 13 : 0.1257 0.0285 0.8458
936 KBL4_006 (0) 13 : 0.0882 0.0230 0.8888
937 KBL4_007 (0) 13 : 0.1170 0.0370 0.8460
938 KBL4_008 (0) 13 : 0.1406 0.0310 0.8284
939 KBL4_009 (1) 13 : 0.0875 0.0223 0.8902
940 KBL4_010 (0) 13 : 0.1036 0.0292 0.8672
941 KBL4_011 (0) 13 : 0.1081 0.0308 0.8611
942 KBL4_012 (0) 13 : 0.0787 0.0247 0.8966
943 KBL4_013 (0) 13 : 0.1028 0.0242 0.8730
944 KBL4_014 (1) 13 : 0.1533 0.0433 0.8034
945 KBL4_015 (0) 13 : 0.1078 0.0225 0.8697
946 KBL4_016 (0) 13 : 0.1610 0.0300 0.8090
947 KBL4_017 (0) 13 : 0.0976 0.0297 0.8727
948 KBL4_018 (0) 13 : 0.1076 0.0234 0.8690
949 KBL4_019 (0) 13 : 0.1018 0.0242 0.8740
950 KBL4_020 (0) 13 : 0.1092 0.0306 0.8602
951 KBL4_021 (1) 13 : 0.1346 0.0285 0.8369
